prov,year,region,treat,start_year,post,Event,HQAD,EDL,IND,AS,ADA,RDI,UR,ER,AETFP
1,2007,1,1,2013,0,0,0.335780509920834,2.31939636119118,0.273954863275698,0.422935724173974,1.56357386055675,0.0197746372718301,0.827274365944581,3.59255806821843,0.452684916856374
1,2008,1,1,2013,0,0,0.324700102654269,3.46306355636428,0.213225565753094,0.671197355980921,4.47930071269821,0.00200729179976255,0.425656582896217,1.51418978858994,0.422580565569855
1,2009,1,1,2013,0,0,0.329558293410115,2.98953875754024,0.255096566707932,0.952377689379134,0,0.0358914121902276,0.70332589824905,3.31293977512475,0.719607555771206
1,2010,1,1,2013,0,0,0.346163120358284,3.40960461940635,0.191806113938406,0.686273281053371,8.70535478319124,0.0321312606605168,0.365961896359126,3.66753139880243,0.559132366332426
1,2011,1,1,2013,0,0,0.306690855420868,2.96356154312237,0.487840023785207,0.482370900419392,19.3204233722032,0.00503172711868125,0.675261761995276,2.83710606538163,0.565722902109129
1,2012,1,1,2013,0,0,0.353041952973147,4.85167197723704,0.413763270554498,0.542669488816119,2.74679962033659,0.00570785028293799,0.731417568662064,3.27480701565256,0.581946666540436
1,2013,1,1,2013,1,1,0.352225305385394,4.57459002607804,0.284963096082674,0.738372612579479,5.52072505659696,0.00382672770732505,0.570165967008015,5.99901384994441,0.658417132113804
1,2014,1,1,2013,1,1,0.373057803228756,2.75597870885065,0.415194142694487,0.881354531443667,10.5683849767024,0.0121761761863303,0.775300296091904,5.0328696719093,0.596473208040046
1,2015,1,1,2013,1,1,0.402363041619801,3.79050133057582,0.333878192865427,0.631131368767119,9.01184921551174,0.0572792442957628,0.624137987704482,7.7595193746059,0.615575818913615
1,2016,1,1,2013,1,1,0.375079022661019,2.60419619332278,0.336817995021357,0.653874475510393,15.0386479378203,0.0111553165779205,0.364981646842846,5.60057835874664,0.459899557828928
1,2017,1,1,2013,1,1,0.378385885441147,3.3113717301856,0.265310023808779,0.85180029866303,4.39981275827896,0.0534453746014318,0.354180810310327,7.27635653315232,0.579121728990939
1,2018,1,1,2013,1,1,0.373376555444785,2.91191346377758,0.319698261357538,0.415282104721434,1.80163673521408,0.00397110811571987,0.361470168174601,1.6200231085583,0.688555947464409
1,2019,1,1,2013,1,1,0.435686909040009,4.12959785111903,0.543482308762916,0.939772277472587,17.2571150782427,0.00543803940317994,0.540453774589747,4.84114751273109,0.674583028280951
1,2020,1,1,2013,1,1,0.449859010074268,2.98140433195214,0.453009190290737,0.638154338076163,18.3404034432537,0.0174189466449452,0.905749808734231,2.87853991267824,0.50791714555133
2,2007,1,0,9999,0,0,0.381514971363623,3.33637191156573,0.472465131693285,0.555622912121041,5.70747109636894,0.00336940719807926,0.53386966265975,2.68350402853695,0.561818346110283
2,2008,1,0,9999,0,0,0.371283143280509,4.37729649003617,0.155967333140882,0.832697834736899,29.0936655321015,0.00277044106531572,0.835346989072152,3.00595964044423,0.473991750529965
2,2009,1,0,9999,0,0,0.356796984687756,3.15196731645534,0.326923292388094,0.509013026779092,0,0.028934682221145,0.729557757968149,4.39615736693681,0.551412550682716
2,2010,1,0,9999,0,0,0.364102301028285,5.12569307665736,0.265105423180928,0.44079070962836,20.6891447881651,0.00903396527015386,0.765790968550977,3.45752886288207,0.443513952953806
2,2011,1,0,9999,0,0,0.418729275701429,2.22180647681073,0.140008136827395,0.510035443410739,24.6438806746448,0.0312966845872161,0.736590854787066,3.31035131670012,0.408447498502873
2,2012,1,0,9999,0,0,0.413274768139043,4.46447549165306,0.277874661806357,0.766969139270326,9.62002137460407,0.00509846730592717,0.455124833893841,3.5767111650107,0.374686638491589
2,2013,1,0,9999,0,0,0.391856761921648,3.18949617457256,0.133384453629516,0.412414147733707,11.942777133691,0.00739316928002342,0.870659750782511,7.37277663325447,0.480937625476634
2,2014,1,0,9999,0,0,0.421963672781188,3.20581429073977,0.205308871509361,0.6298116250962,0,0.0498297065978841,0.589282365294513,3.6509953133421,0.305000884655141
2,2015,1,0,9999,0,0,0.419077778273674,4.03751947453536,0.459443220063224,0.496046779307768,19.4710669442615,0.0221598212485528,0.909596604487351,9.13361500417573,0.538318550520808
2,2016,1,0,9999,0,0,0.411575871440033,3.59162480411338,0.408797864309785,0.688320462776618,9.60274537426948,0.00290209101958416,0.339697149843364,8.53512636714653,0.448746924732951
2,2017,1,0,9999,0,0,0.419019622607086,3.15954391375777,0.414345987255967,0.435733873901881,9.05791729516916,0.0126173598309651,0.401373074990172,4.69216323851751,0.538946251316388
2,2018,1,0,9999,0,0,0.424797416841063,1.50570752225103,0.135711044618866,0.829859085500091,11.0381888907293,0.00260089189206221,0.413221512788397,7.26542049471694,0.483075859467469
2,2019,1,0,9999,0,0,0.403589378474085,1.86904938338701,0.173792024914252,0.922825790799328,0,0.00226324165839536,0.781005010682407,5.74290567365226,0.409313805505764
2,2020,1,0,9999,0,0,0.42692481330198,4.33757757490085,0.10971286483189,0.548002715003907,26.9812933638284,0.0210966729367365,0.396362065100156,1.65379327750447,0.616776596715391
3,2007,1,1,2013,0,0,0.296041831518547,3.59738238706079,0.143881537109513,0.569776711058584,8.65566918447606,0.00274916705065605,0.59761142291752,2.0540093210625,0.700823637782757
3,2008,1,1,2013,0,0,0.32478165889485,4.28464185406788,0.145548461092652,0.720812848782838,12.9876442139783,0.00475721918460829,0.648399730958089,-0.842297705856991,0.529232137347026
3,2009,1,1,2013,0,0,0.326686534960152,5.3218732920117,0.532065111229495,0.808067370006601,0,0.00231622401693766,0.648656473693494,1.23381371324886,0.491818178649812
3,2010,1,1,2013,0,0,0.365594816535624,4.23165541750167,0.5022780685621,0.386129683631459,12.7306402149625,0.00274294909327796,0.512731103699858,4.29626734635178,0.479902448399328
3,2011,1,1,2013,0,0,0.391859501205358,1.71251476269183,0.191914290349044,0.768362481032506,0,0.0140651777793006,0.876740398572422,3.26067458358184,0.629130081739416
3,2012,1,1,2013,0,0,0.362520572314539,2.73541073945519,0.214215829618429,0.854833911648133,15.035894797186,0.00364658485904591,0.610535750492382,4.88298503984986,0.43041087057264
3,2013,1,1,2013,1,1,0.375256814118231,3.87037874929349,0.532395032111107,0.841363149659952,0,0.00793073403528514,0.438772541225279,3.16667432845285,0.694884405701816
3,2014,1,1,2013,1,1,0.397217101721789,2.44048162902986,0.356498941206486,0.621932856813978,0,0.0133619930359445,0.675780483824655,5.49863442846029,0.657416321814002
3,2015,1,1,2013,1,1,0.398689321346205,5.35988399814451,0.265835481710372,0.86011766988432,3.17852248448846,0.00426082771160585,0.399842998551484,4.08400453724482,0.725875052327622
3,2016,1,1,2013,1,1,0.405901337003386,5.28019289517118,0.309944931163798,0.689187544011576,4.66971357831116,0.00309164036067174,0.745046074956025,2.9130584489008,0.582239244658018
3,2017,1,1,2013,1,1,0.423233895869292,4.89360352335076,0.222494476905037,0.465769555024322,18.58542935266,0.00331075342537439,0.437479594015117,6.99559609734057,0.463130521440266
3,2018,1,1,2013,1,1,0.448130546949795,3.38929598515361,0.362609775995228,0.527156840183026,0,0.0551595059493149,0.882053719381153,4.05802530700006,0.523866729752583
3,2019,1,1,2013,1,1,0.42613949925733,4.86590685959359,0.426372320075402,0.717496294214719,9.26746452417599,0.00929584676235632,0.378611061430064,4.92307088105881,0.706694766926848
3,2020,1,1,2013,1,1,0.421378725291661,2.02444256939166,0.33195171508219,0.692534378130869,0,0.0144548961180285,0.522100127179526,2.64771627680891,0.586896850720633
4,2007,1,0,9999,0,0,0.353379799660779,2.73493462919134,0.469299850542339,0.84734432869923,5.0504998205704,0.0360154793872412,0.463805130772987,4.92816549161884,0.567274980457246
4,2008,1,0,9999,0,0,0.365848074157865,3.35198557661767,0.15094474077744,0.793233959186381,0,0.0391786039831532,0.683193420744332,2.17908058612302,0.588271515021869
4,2009,1,0,9999,0,0,0.38846386623985,4.46738880273387,0.37164383823606,0.482097292790667,2.19773200596951,0.0310418836695567,0.581272297454201,1.71977967293682,0.399369138833874
4,2010,1,0,9999,0,0,0.398971618625907,3.44330091483559,0.545321033787459,0.596379525033046,7.12210674401079,0.0497340427504432,0.610422027271071,4.51813447875511,0.58154065385691
4,2011,1,0,9999,0,0,0.408566479837978,2.0475044751898,0.1670855724404,0.832405992116312,4.87757559848405,0.0190234530190932,0.607667834913408,3.75057533055284,0.339882042408108
4,2012,1,0,9999,0,0,0.398273428702394,2.87414611881743,0.3227662298781,0.634033239100552,3.10784221529434,0.00365325418601399,0.709393296297289,4.90968623881801,0.554976046580317
4,2013,1,0,9999,0,0,0.383022459173335,2.79770467868977,0.383565377998785,0.489518760556978,13.2854911926624,0.0244891355637582,0.492420426997233,0.946549315358679,0.406168890571811
4,2014,1,0,9999,0,0,0.431437413785916,2.70167561727216,0.25188823909531,0.930998755521613,0,0.0142805541186299,0.529612817610363,7.41213177644877,0.589536431426962
4,2015,1,0,9999,0,0,0.410524691493647,2.16200560186315,0.534077793663616,0.628426868572626,17.2396575785469,0.0432943298689781,0.490166659628609,0.0103903799657688,0.419221801893506
4,2016,1,0,9999,0,0,0.455854574127119,3.15960709029301,0.318434683461455,0.541410695063024,2.77511769575537,0.00554179406501237,0.419841793626407,6.15662383888364,0.312279651767492
4,2017,1,0,9999,0,0,0.41625196755636,3.29248263001089,0.315414408842979,0.666980127792397,24.0108356417004,0.0295087890440978,0.717027768873656,5.4564421516133,0.439117467484212
4,2018,1,0,9999,0,0,0.421695881510359,4.59960150325607,0.506198666991868,0.536569382354189,0.180531137338615,0.0020060881014975,0.90909072969564,6.31542897834857,0.504214650420939
4,2019,1,0,9999,0,0,0.462571463542945,4.68556280313019,0.107159685059998,0.517637931029908,20.9078563565436,0.0108042181218687,0.893216004570455,3.58981523809454,0.362341091094059
4,2020,1,0,9999,0,0,0.420923878231291,3.58956051200645,0.490998321539498,0.760149708807111,0,0.00918711794935193,0.928308756582069,4.93776602093631,0.70868792318855
5,2007,1,1,2013,0,0,0.393571112254941,3.34252118465311,0.158083030354489,0.843044651307911,0,0.00253426659659192,0.398252507258715,10.4247362622465,0.538625585799857
5,2008,1,1,2013,0,0,0.403346995814535,4.61285440617559,0.270625788201878,0.603475676715873,1.69970275441141,0.0424298446388281,0.774247972380647,5.66503930565596,0.55006548110155
5,2009,1,1,2013,0,0,0.379058925119964,5.04915580741094,0.319805276693942,0.449782902769761,14.6166903524337,0.0430227084297049,0.376261935868774,5.55925369229634,0.503132487017906
5,2010,1,1,2013,0,0,0.383688386312915,4.19967507946715,0.314451413612046,0.644993140491945,0,0.00576159535784693,0.835476984384726,-0.946630606123676,0.580187409908022
5,2011,1,1,2013,0,0,0.423276847751634,4.70191619599385,0.117733851175653,0.598992460184357,0,0.0323799531871377,0.85333073489383,2.03621312125217,0.517581920967775
5,2012,1,1,2013,0,0,0.44066846709124,5.25644541492874,0.242698207327429,0.620141005477391,15.5877194507559,0.0508255290422528,0.627157548007083,6.39048133557317,0.462815312200637
5,2013,1,1,2013,1,1,0.492386500739009,1.66262323774674,0.260557610665306,0.498723117536317,0,0.0221899665879346,0.941958125829172,4.05298971324613,0.685678034180888
5,2014,1,1,2013,1,1,0.443574737841349,5.00268689948033,0.530280697088775,0.827150368858412,10.0527914810321,0.010159245813608,0.617365853275994,4.71560068657029,0.652184182890984
5,2015,1,1,2013,1,1,0.449653041377316,2.60625228980454,0.512643418740366,0.475381118534859,4.17389662068404,0.0299321151846165,0.665527615279944,3.13855787436277,0.699672334734207
5,2016,1,1,2013,1,1,0.471900474943349,3.40305799769698,0.362956885388469,0.373960845463788,2.9267632427455,0.0113841848979528,0.539673911475962,3.55744080555046,0.491163093763945
5,2017,1,1,2013,1,1,0.486190972162677,4.68704382772761,0.520015467221791,0.784070451380207,23.2017573141534,0.021593271406489,0.837525196775284,6.46450683794911,0.458145623528068
5,2018,1,1,2013,1,1,0.473236432122126,4.36896892910092,0.488670581505009,0.810350706660747,3.78812369111751,0.0282462109147444,0.679548299923167,4.20467283452493,0.572844133103944
5,2019,1,1,2013,1,1,0.467892787853028,2.08859028776677,0.269075215502437,0.498030800697023,3.71335427502218,0.00714704590215107,0.640372149131687,6.28019431245783,0.586050697373413
5,2020,1,1,2013,1,1,0.484916007949013,4.13499303581658,0.152635082975052,0.457511670566665,0,0.0283187345443207,0.593382078486273,2.60466006309841,0.733882376420784
6,2007,1,0,9999,0,0,0.317527407700209,1.77700828003934,0.373211896105074,0.709929393231861,0.0515604998129797,0.0174752419490825,0.797061334771011,3.96695446868207,0.420767703453095
6,2008,1,0,9999,0,0,0.340077297742579,2.92828251341152,0.245354247639201,0.920170869235236,21.4446753131916,0.0231067048315771,0.374739692303898,4.73349113171959,0.562101903537843
6,2009,1,0,9999,0,0,0.342843939099427,4.75131820065483,0.104384126310234,0.50746964427135,5.29785380452454,0.00701130957336224,0.722087472299666,5.41577565112413,0.443565035260466
6,2010,1,0,9999,0,0,0.324845656706315,3.2108193321102,0.541530708456042,0.684802601641963,9.7576300041042,0.035374522156802,0.375257478463772,7.07324705255171,0.471149119740384
6,2011,1,0,9999,0,0,0.374245126343169,3.89941775017379,0.53617424295205,0.513914496258428,6.77035478821814,0.00333764492209381,0.464623876317029,5.37460514952391,0.468358679386047
6,2012,1,0,9999,0,0,0.375452412792077,4.41264513258854,0.341562900600584,0.809821624341536,20.5354178594622,0.0158697052573355,0.350529530188,5.55430396286902,0.603281345704915
6,2013,1,0,9999,0,0,0.35940445670582,4.78491043322624,0.378183565998756,0.639599762174087,5.15986064125837,0.018963476964934,0.65207754914817,1.94823893218853,0.661281816580067
6,2014,1,0,9999,0,0,0.391947223970396,4.54206047992113,0.400990060792466,0.584952936389374,11.6022721292193,0.00200402573921888,0.914999513069202,1.72986486384169,0.203973794763021
6,2015,1,0,9999,0,0,0.359689795981945,1.52857310111599,0.516942419069823,0.756807157001066,8.66812538751112,0.0401381342169585,0.462073387464804,-0.493817709851421,0.433971100936319
6,2016,1,0,9999,0,0,0.386772078897049,3.18102733469014,0.310378905113175,0.679480115248902,2.11007532272437,0.0204468809652127,0.400003141202198,3.31292085790869,0.444487933575291
6,2017,1,0,9999,0,0,0.40198628831254,3.35254487215259,0.36229517940458,0.474712597538752,8.39443449028841,0.00237331207079038,0.656462451517855,5.75388219914433,0.436987888778648
6,2018,1,0,9999,0,0,0.407382865342551,1.72199801245089,0.201942845426697,0.608051590347397,16.9088883519138,0.0452347728279091,0.342936323428223,3.99112925563938,0.508243081101162
6,2019,1,0,9999,0,0,0.436596675659172,3.66576852838088,0.209079209127265,0.94302597490806,9.56303256409718,0.032264600441261,0.547410108435957,4.81406239249569,0.508070797579934
6,2020,1,0,9999,0,0,0.406487285466023,3.93108300577547,0.334950487625166,0.846703832722386,1.87378067909014,0.0522034321675804,0.606095084666229,4.40522133582758,0.491248217680606
7,2007,1,0,9999,0,0,0.311860006967288,4.8138127799845,0.203142228134606,0.667507334810332,0,0.0299017392038033,0.378066192131024,4.78723629584904,0.522954683475506
7,2008,1,0,9999,0,0,0.334159167184908,5.26723707276579,0.113613753443527,0.75948721595095,17.4687774756419,0.0172100024122419,0.879919365975857,1.02188888292002,0.569712242769148
7,2009,1,0,9999,0,0,0.336010673004369,2.01259141601093,0.265783581766606,0.438270283148244,2.97799246493577,0.0394842550900467,0.568047097425132,4.48930072161589,0.69885011909139
7,2010,1,0,9999,0,0,0.336324753470587,2.42172269764088,0.437475314861449,0.606179891268442,5.6168984178493,0.00971017873914695,0.694055801323893,6.10535137931221,0.567957575544548
7,2011,1,0,9999,0,0,0.354262016204641,4.13663358828224,0.224681582257982,0.904786149078888,4.6130825345818,0.0133848569058268,0.399825452498957,6.61458824799853,0.500912648658209
7,2012,1,0,9999,0,0,0.366807644913351,2.02989595526699,0.488216772319636,0.466634612081295,2.322635969961,0.00960890185110187,0.930370936542342,7.41296237129497,0.498769537698352
7,2013,1,0,9999,0,0,0.390839332862512,2.39631454778528,0.416126073129942,0.958791227389466,0,0.0083788162969406,0.442704529662212,2.46088515337909,0.595968367465781
7,2014,1,0,9999,0,0,0.40735835739828,3.7994503503566,0.393993599116622,0.875828872571503,0,0.055397519580667,0.619063001487642,3.56885915255848,0.51440191513742
7,2015,1,0,9999,0,0,0.373879161931525,2.17809489426484,0.501617413406412,0.775399420917476,6.65487930666097,0.0173882971738254,0.38472083408901,3.44623648317195,0.499135352414677
7,2016,1,0,9999,0,0,0.388988888648821,4.62892060529511,0.133214963837473,0.581646973806327,0,0.0174531875402118,0.427433576328295,2.49511327624065,0.48461431984954
7,2017,1,0,9999,0,0,0.416533253430601,4.92790250444704,0.180444429777243,0.407088081931991,4.30051184054012,0.0105974972682998,0.41417758971132,4.14025605085661,0.411652361050994
7,2018,1,0,9999,0,0,0.40620653035903,1.63469681801139,0.509171600106725,0.532703962335886,5.60377492418162,0.00844276398848183,0.569066301771774,4.31275988544764,0.413594349569745
7,2019,1,0,9999,0,0,0.426659851548795,3.63057921977469,0.508166819568906,0.809417814196169,20.5022171229067,0.00520003424936208,0.384450490073463,4.32381075516354,0.340012716346829
7,2020,1,0,9999,0,0,0.42039785932052,4.68780542977426,0.13522026515432,0.61140524607414,3.84004894070865,0.0560520864921668,0.619427668978408,0.418837649783101,0.404084764051589
8,2007,1,1,2013,0,0,0.28,5.40055872462846,0.448404198649849,0.847789340845405,8.94396803672035,0.0341981535947199,0.680438158596298,7.05665136640984,0.463404775714281
8,2008,1,1,2013,0,0,0.284556260663049,2.59703437277769,0.106944586946601,0.483793815367891,18.6076070961029,0.015882704147881,0.448272956281901,1.77706853967811,0.480635270148068
8,2009,1,1,2013,0,0,0.284234859776088,2.17640425346153,0.160855999015846,0.86072260065634,16.733278880973,0.0234219924774494,0.805948143134998,2.22864506051099,0.571888619229006
8,2010,1,1,2013,0,0,0.319483920342375,5.00680372072654,0.14939225816217,0.883269181671471,13.7500250829473,0.0441981874452786,0.377174486006122,3.12544098198068,0.513351173081701
8,2011,1,1,2013,0,0,0.321832582696907,5.1367298550434,0.232298010018272,0.797762241447307,9.54504793193855,0.0102117342528231,0.686419318553266,7.19802125257741,0.51505915542305
8,2012,1,1,2013,0,0,0.301160033837427,2.29013155786863,0.274720789289624,0.476488763915983,11.7300330223077,0.00677529177465222,0.832201859331533,2.91747970787655,0.544476431425923
8,2013,1,1,2013,1,1,0.38067715092326,3.26611897081056,0.509893238921888,0.488192693406338,0,0.0156654990499343,0.710741341298575,6.91944973157918,0.601323639552882
8,2014,1,1,2013,1,1,0.36465247572954,4.37692856676935,0.29637901574783,0.389862526192638,0,0.0147072733414802,0.332758383051726,5.33531865835671,0.628021812465368
8,2015,1,1,2013,1,1,0.360649660213514,4.88138063505589,0.155732084827115,0.381806834949324,1.55338085275403,0.0434227261934994,0.376465665128272,5.62063039224325,0.588063600882031
8,2016,1,1,2013,1,1,0.367795522709417,2.17310122146898,0.22255693621783,0.808223171953909,0,0.0500052727043718,0.358513978841823,3.57954157296237,0.749025852314448
8,2017,1,1,2013,1,1,0.379133519094359,4.15987585161904,0.102869572645577,0.654740317202239,10.6385707260835,0.0462733416679429,0.410061083821578,6.74477481349833,0.500052422909708
8,2018,1,1,2013,1,1,0.409388390038491,4.73134183718428,0.112622231303285,0.822136955501605,9.4921792567027,0.0309236709286082,0.656269775869951,5.23193434660359,0.705274493223979
8,2019,1,1,2013,1,1,0.396534476474641,3.69885648320291,0.293980744655393,0.525302626520319,0,0.0187219819263477,0.924745116635436,2.49312068216822,0.412281392721255
8,2020,1,1,2013,1,1,0.414702322296658,2.15886663511605,0.330484720686299,0.564065461312467,15.3663860003772,0.0038304596539486,0.558650338264587,6.87840380925481,0.424449973472076
9,2007,1,0,9999,0,0,0.340782398682823,1.64211521932145,0.212482712475595,0.904716229679956,6.1163887792498,0.0540394863082231,0.818901073756323,3.1968056840126,0.741509042941234
9,2008,1,0,9999,0,0,0.329780265703369,2.62613527139397,0.270951587511607,0.968377708380998,9.5223117291664,0.045778349753536,0.497550053420938,6.30391898988375,0.377495106389171
9,2009,1,0,9999,0,0,0.362026646532505,4.73148338581421,0.146516037711193,0.413088684336802,0,0.0186078031143258,0.933045742295034,5.26049098349212,0.570982262089716
9,2010,1,0,9999,0,0,0.343214057174547,1.67906504338056,0.396469702798508,0.833136297035773,25.6317120892407,0.0361255377220961,0.567297407993969,7.07174263272696,0.3957516829551
9,2011,1,0,9999,0,0,0.3350692881229,1.53286602015725,0.276672506710446,0.69481211826136,0,0.050506153428853,0.450981633854323,4.4335051012402,0.452141625458926
9,2012,1,0,9999,0,0,0.36750435149997,2.94646659084823,0.172686519763597,0.352820248973515,1.20282904750789,0.00756374667656586,0.448627675988603,4.19068254441856,0.713087349345864
9,2013,1,0,9999,0,0,0.388995261439407,1.75448914279421,0.323827134078799,0.732261090092715,6.70266351869728,0.0217534457075443,0.400830018685212,5.06940617955972,0.547630517654722
9,2014,1,0,9999,0,0,0.364809425324475,2.09794521329692,0.193768677888823,0.523555476246514,7.88514922151948,0.0571862791169511,0.380481615114178,1.23668348978885,0.304238984807515
9,2015,1,0,9999,0,0,0.386143770878006,1.59276147239745,0.231458175084829,0.567349101282887,8.46556415729783,0.0049946349863733,0.904517344385654,4.88069860409166,0.606382095080297
9,2016,1,0,9999,0,0,0.3732454393364,3.59887934707453,0.155876694787638,0.950952910144036,29.4463707345665,0.00335222552638189,0.77840746729279,7.03126601851391,0.30153635202157
9,2017,1,0,9999,0,0,0.37256323645859,4.28678360875765,0.451328721024145,0.810460306330943,0.823198016054617,0.056066022793995,0.420244294835658,9.17814909507949,0.518657016187312
9,2018,1,0,9999,0,0,0.382740014244221,3.20821397205491,0.225691852724052,0.383803479025613,14.61954177564,0.0480330510684041,0.70329877819243,5.13682688533888,0.719528884874485
9,2019,1,0,9999,0,0,0.433418631959272,2.03828183457875,0.530054495157422,0.772204994212598,5.62912063955279,0.00211456602628246,0.617666418132225,4.03281194622416,0.603841236027708
9,2020,1,0,9999,0,0,0.3665127828181,2.82542884384962,0.282444359903585,0.358057308084695,24.4432222202449,0.0221861136004697,0.374707932496988,5.20947693154067,0.542149206268193
10,2007,1,0,9999,0,0,0.330035579998573,3.86138341722534,0.169837521256951,0.899440190941561,13.4428634213709,0.0270034196759597,0.942410945825879,4.55844633175278,0.683449647507198
10,2008,1,0,9999,0,0,0.348131109560401,5.26264557358555,0.417345836047042,0.71994316026889,23.272281124389,0.0328334110559701,0.476727434453495,4.14791274478549,0.540015299082622
10,2009,1,0,9999,0,0,0.368649694493249,5.47023087669056,0.430101166716399,0.741109212281805,19.4601427847512,0.0247870417934063,0.685458939523099,6.99989568767456,0.433057605005254
10,2010,1,0,9999,0,0,0.39259695206308,2.4664116666154,0.496593840710521,0.360198227003452,19.6837795049014,0.020984623184197,0.553438585306891,3.71723192397034,0.613091626662129
10,2011,1,0,9999,0,0,0.366804879577196,1.54231962775338,0.159180614168429,0.40194723944463,0,0.0241435378750141,0.632305255162874,2.60865066067064,0.49979285907493
10,2012,1,0,9999,0,0,0.326507343065812,4.82256130397522,0.455448681584946,0.676214803428827,10.7203679101128,0.025038786920186,0.944307091492359,2.30310027403307,0.424857294525371
10,2013,1,0,9999,0,0,0.371268734418722,5.20645175108023,0.486891589357743,0.586675457124865,13.3043902500065,0.00251109749540908,0.804498885072755,3.73113812527206,0.455158384077884
10,2014,1,0,9999,0,0,0.395025906427891,3.33441391907188,0.237033232838147,0.857343195156019,14.1774916402085,0.00381592584829164,0.477792875314708,3.58796883890132,0.315132681843958
10,2015,1,0,9999,0,0,0.369714736624023,4.58576937825473,0.304516981725046,0.526062683721706,20.4811085152395,0.00691231810981133,0.766410496243968,4.81271873645555,0.517173905563376
10,2016,1,0,9999,0,0,0.37535093651175,4.96479613633757,0.37883888156886,0.597792723655909,4.5613667258074,0.0536613807968346,0.618014807183959,0.145970445212457,0.523766440136001
10,2017,1,0,9999,0,0,0.406924865037615,3.93845919333824,0.210480914493027,0.424399218247613,1.79261144682829,0.0150863353319474,0.477765593820108,4.41377085775379,0.263695992028965
10,2018,1,0,9999,0,0,0.434311750459068,4.99050873257675,0.492110163834216,0.661779976554646,0,0.0245945063815246,0.676155720275996,6.67881430384937,0.442316693682301
10,2019,1,0,9999,0,0,0.416824596882557,1.59561210456932,0.414637414709989,0.942113374527484,12.7782029389285,0.0582701900790168,0.474911575000196,5.99367781443396,0.307771515262048
10,2020,1,0,9999,0,0,0.393461053395645,2.58638088103826,0.485507370641199,0.514856061463853,0,0.00260521383211873,0.833361540049338,4.64367660677239,0.676966683672832
11,2007,2,0,9999,0,0,0.374891888429266,1.90887833077718,0.302461772463353,0.840315611367915,0,0.00422341570850131,0.462539935868899,2.44516855735542,0.316808058847401
11,2008,2,0,9999,0,0,0.353455814952966,1.28252971322463,0.33354926331974,0.451652790744033,15.3528172528538,0.0067505460196993,0.341124281006448,4.5508477762112,0.46410231792625
11,2009,2,0,9999,0,0,0.38270879081107,4.44285381715295,0.187414500263552,0.899259822628802,0,0.0526845888443031,0.814989546195637,1.11839804340989,0.537605601367444
11,2010,2,0,9999,0,0,0.34374172125761,0.921757066662493,0.241310971718138,0.667832574846011,5.86187547675086,0.0329332092774842,0.384991167184169,3.51820448046629,0.453074680698747
11,2011,2,0,9999,0,0,0.350614342840608,3.49024411808845,0.428280471783964,0.428001062269746,0,0.00302266019667322,0.719159023504912,3.74488096436108,0.390732384059895
11,2012,2,0,9999,0,0,0.415265670370928,1.08535874902883,0.531553500175474,0.835271914393265,28.9654361778815,0.00230215472907067,0.818585761866711,1.34065217889675,0.367063826027147
11,2013,2,0,9999,0,0,0.419202682037018,2.24312197514088,0.168446290789419,0.900303761079162,14.4127764555808,0.00373313641717067,0.730762998621951,2.34483188234136,0.377861494225278
11,2014,2,0,9999,0,0,0.433872737413519,2.47239817071026,0.122789587479941,0.43993792452747,14.1921273298895,0.0522988882083009,0.868873774652785,0.554881718140062,0.343139956447004
11,2015,2,0,9999,0,0,0.423990149659603,1.52561715622947,0.130353703353831,0.422797870593381,8.53194567262752,0.012637879159573,0.447756539801363,-2.30179364992383,0.52715304056353
11,2016,2,0,9999,0,0,0.398938522613325,2.88405641312871,0.295962295969886,0.505860848377556,25.4084568946905,0.0473867207060567,0.511239990143272,1.53057149592333,0.36949039532206
11,2017,2,0,9999,0,0,0.404541308301758,2.93996704371166,0.456702074792611,0.669268034948538,1.88569702280554,0.0450056624631655,0.673943964773265,1.87618343418896,0.47552334306016
11,2018,2,0,9999,0,0,0.413200602142727,2.06817552774478,0.201194771517707,0.939068415382586,11.0309049586989,0.0580435962700501,0.352847468396526,2.50140830044149,0.410274242149616
11,2019,2,0,9999,0,0,0.500490964466797,3.74835223820916,0.314709432127833,0.883571491166889,0.931481811010145,0.0196431423728248,0.892720508432465,1.60674614578312,0.455270639905267
11,2020,2,0,9999,0,0,0.446295819483891,1.44080964247668,0.331930982648562,0.551268104749832,12.5488026120562,0.00648421101300299,0.689198834186934,7.01967688078302,0.367092575750145
12,2007,2,1,2013,0,0,0.328593720847035,1.57003287583942,0.476966079134726,0.373101188891236,0,0.0178778306985281,0.701437563094891,-0.373735769523909,0.571646464376286
12,2008,2,1,2013,0,0,0.371295178845448,2.21804407218242,0.173814943142523,0.719338874583328,0,0.0498741716002068,0.641902543178963,6.65831100434731,0.417753145979386
12,2009,2,1,2013,0,0,0.374894549499787,2.31350453372568,0.106623372736342,0.706352485747116,25.3833649421426,0.0559197789080806,0.593031685041195,2.57857845592976,0.481950924639153
12,2010,2,1,2013,0,0,0.350029971005801,1.62514342600262,0.327994764546539,0.499753400124631,1.07431334626273,0.0114900108974827,0.400563682119149,1.54750085489605,0.392734353819995
12,2011,2,1,2013,0,0,0.361049292163215,4.47483682056907,0.25986066255127,0.724207609513644,22.5265200754246,0.0162377518493336,0.345427731426939,5.72431605813858,0.419803908139615
12,2012,2,1,2013,0,0,0.394799406225009,4.11237427818779,0.231474419135554,0.958588468358282,16.8440455585168,0.0401962015703143,0.437755159775232,3.20118505886892,0.431518000510434
12,2013,2,1,2013,1,1,0.431090049536917,1.22750697702657,0.447506693855463,0.439519910016853,12.5130342921994,0.0114551314578174,0.297526005557582,-1.15941548277396,0.609603229048252
12,2014,2,1,2013,1,1,0.383669447414942,2.27794366264154,0.407560182121235,0.545177471527314,14.4306171191258,0.00544651546652595,0.666581873044358,5.24094599085967,0.398514050702897
12,2015,2,1,2013,1,1,0.405172314546596,1.7306843825279,0.137771716456028,0.875718801564095,15.3761757661901,0.00668288792803147,0.392022357320402,2.03789596263828,0.458137013528879
12,2016,2,1,2013,1,1,0.454550375598934,2.60431441180217,0.346646513226865,0.448688430942403,20.9455341490307,0.0158308423868194,0.851077874105369,3.30160414961013,0.644117439575732
12,2017,2,1,2013,1,1,0.424020558674704,1.90526874484317,0.459030078599768,0.429836653479343,3.31372152146627,0.00540886165103684,0.347852510423681,4.53625848935661,0.508571835626384
12,2018,2,1,2013,1,1,0.446853194327728,2.80722756447369,0.509357951863843,0.456653551811059,0,0.0370792642795978,0.478440826849365,4.20054058327891,0.457119013278065
12,2019,2,1,2013,1,1,0.457638144661244,4.49041261231183,0.100083213563473,0.827212481291808,24.2106076934387,0.0287102706403751,0.812674150204106,4.66666774459378,0.516394614942973
12,2020,2,1,2013,1,1,0.483171681195738,2.33004455571934,0.463397544408612,0.429006619524682,2.79121838169547,0.0541915459827381,0.665310415587796,5.25029105946172,0.755906200250356
13,2007,2,0,9999,0,0,0.294836285085101,3.40051331451453,0.119461567447265,0.406497242326428,6.87095251248326,0.0354629553337113,0.536697908619631,3.37162641804834,0.635175545107966
13,2008,2,0,9999,0,0,0.332964126645444,3.1824844520815,0.406954261184759,0.738713419231621,23.6202140060846,0.0143294410421567,0.73354210265942,-0.126624805855803,0.500434237073847
13,2009,2,0,9999,0,0,0.28,3.80781424456883,0.369103196642756,0.825434709959434,4.86952480642828,0.00400154853424101,0.528504417058579,3.29110518261705,0.351418058461554
13,2010,2,0,9999,0,0,0.299982644996115,1.04666132067947,0.528407331507998,0.818934789486232,14.0535958151424,0.00532215769749234,0.377071803217013,2.11961838412344,0.646791423797947
13,2011,2,0,9999,0,0,0.301688460200866,3.77929469472724,0.384345591508088,0.618523798359706,10.5826165987087,0.0491916665788756,0.887408828925176,-1.21680192480206,0.399283732368259
13,2012,2,0,9999,0,0,0.343506223586576,4.58510370868971,0.131472578837836,0.91829218508094,12.8660751684975,0.026238715130604,0.820855985992463,2.53150835220537,0.424195505565349
13,2013,2,0,9999,0,0,0.385113731497963,3.21423820678195,0.401679092416674,0.443542679100773,14.924610491562,0.00268544270522602,0.737512757309575,4.253820007625,0.504821635240817
13,2014,2,0,9999,0,0,0.339382224777925,1.9503197684796,0.214714187491903,0.623743362681113,0,0.0169898642830658,0.454054689910118,2.05901718769298,0.401142648023335
13,2015,2,0,9999,0,0,0.348836596027145,3.48947687371715,0.474374797090634,0.57895803625373,34.3247181406227,0.0372267124693621,0.594373095356264,1.48828057549622,0.499837570998391
13,2016,2,0,9999,0,0,0.360400684265431,3.64819514712558,0.114157940459772,0.688635335798007,17.9041284328762,0.040860570864429,0.334444270797373,2.55883932283635,0.570618949305621
13,2017,2,0,9999,0,0,0.388908762455543,3.42580114615441,0.245861120697197,0.469822602348741,0,0.0442757362742874,0.303660903797948,2.82668478737451,0.481918495689869
13,2018,2,0,9999,0,0,0.393933095798256,1.38772126277417,0.404396149141011,0.441216192789134,25.5585154316322,0.0517975564582623,0.866538962888403,5.33646440488179,0.518496774798312
13,2019,2,0,9999,0,0,0.39818338013661,4.6939022730788,0.170035660062993,0.95968216767014,26.7170583572205,0.0159573001243577,0.539133535423677,5.52133747830824,0.595198157754466
13,2020,2,0,9999,0,0,0.415157465296674,4.62153380728352,0.390822404165066,0.537318229998537,0,0.0287136572914029,0.415468497597646,1.95598471212459,0.304552393608008
14,2007,2,0,9999,0,0,0.28,2.49850213118257,0.413751162375185,0.65981517217109,17.2466948378361,0.00232279918321165,0.769091097989906,0.813947721453585,0.322232262889009
14,2008,2,0,9999,0,0,0.289712797965372,3.17454931763549,0.430199949233741,0.918086378177444,24.0173789668986,0.0282624987874176,0.606095574346031,1.76222832842476,0.356286451866994
14,2009,2,0,9999,0,0,0.28,0.958514295467577,0.493900836467985,0.537644155515237,20.3153967453264,0.0178905277321914,0.6901593094262,5.92613710216359,0.599836647012937
14,2010,2,0,9999,0,0,0.28,4.75453733824775,0.285924752223391,0.577289532582084,0.994933462439953,0.00472558467203538,0.347119602264287,4.30279080104811,0.560409973369925
14,2011,2,0,9999,0,0,0.288165031320863,4.0749799704932,0.164117338071058,0.699156178219124,4.95614441282823,0.00583751590495247,0.556247328881083,1.67128087956563,0.460734132981908
14,2012,2,0,9999,0,0,0.346638758204483,3.34600936971867,0.217139918676016,0.392198672569117,9.76787720708665,0.032054075118974,0.533060954732446,4.93599416424531,0.67687334148123
14,2013,2,0,9999,0,0,0.331620624980011,3.84433897688674,0.275358430649194,0.364493822788527,7.26394036029002,0.00506182236017736,0.462460260672423,2.74800954115856,0.325618350146503
14,2014,2,0,9999,0,0,0.312876754791248,1.55211971433034,0.124559906579485,0.742310322579435,4.25736522549173,0.00904602871486101,0.390524625579055,6.55185542672953,0.392031816475552
14,2015,2,0,9999,0,0,0.321255075289269,2.03061836037141,0.418846973387207,0.579946412469415,0,0.0105256655284149,0.821648962723115,2.98730255449718,0.361198236419981
14,2016,2,0,9999,0,0,0.334903431008701,1.78557457714288,0.128354791498355,0.399290760291369,1.48565077279828,0.0367419562775586,0.74028730795326,4.87274495964807,0.419269413304688
14,2017,2,0,9999,0,0,0.319218099248072,3.1841964805006,0.125968940752807,0.527715397888459,4.63258704635197,0.00422684738082305,0.629444122276859,3.14785424503305,0.467214433650774
14,2018,2,0,9999,0,0,0.284516361940232,1.16761940865509,0.51962479174981,0.77994298467951,9.48944559725572,0.00237648816621922,0.449263600480807,1.31168631515578,0.577770458617401
14,2019,2,0,9999,0,0,0.347223147588749,4.38243994085977,0.462810645253379,0.820956118334105,24.7402296927507,0.00401808112243673,0.673231104855072,5.84675422055231,0.196075350580539
14,2020,2,0,9999,0,0,0.373254290318652,2.64910376852291,0.214156471066134,0.663345607476421,0,0.0324616136807395,0.534733033183189,1.87351175624911,0.329960104188293
15,2007,2,0,9999,0,0,0.334803129808414,2.57924945981751,0.253768641312835,0.486873774548867,4.12835196732482,0.00215286324242474,0.281276658802823,4.07234680051537,0.546423214230654
15,2008,2,0,9999,0,0,0.315950022024119,1.21884521429298,0.471663864910549,0.870487545345243,13.5445998734408,0.0204377515189291,0.665957200252764,2.50565702648589,0.380511142923205
15,2009,2,0,9999,0,0,0.329484107187176,3.53961614824046,0.378655959096259,0.478769670075108,13.4361057410587,0.0172515272430363,0.692845947535734,1.4746631049582,0.516058078120602
15,2010,2,0,9999,0,0,0.333917579480602,4.06757597736979,0.219212927294354,0.819287640910429,0.800014034613383,0.0104004816119276,0.876664362378581,2.57909159414053,0.452010189372214
15,2011,2,0,9999,0,0,0.32568569762247,3.31820068584933,0.302058638172987,0.444998865960207,14.7195587356213,0.00923792141848106,0.792157206539745,4.42920693195489,0.587002565886888
15,2012,2,0,9999,0,0,0.32121230457387,1.76809042985653,0.485001814292605,0.929608942924653,0,0.0194100022027583,0.328839544907146,1.39267167045809,0.497179379417724
15,2013,2,0,9999,0,0,0.392088872577424,3.94168288634204,0.100311108684422,0.829489884853678,27.7151388730548,0.00222208440483189,0.476315276639577,-0.261340748062454,0.45821925928279
15,2014,2,0,9999,0,0,0.357227872156921,1.38271773353374,0.546577239904518,0.660768651841407,0,0.00825452495258629,0.307130077471416,4.86728253512042,0.359938490419307
15,2015,2,0,9999,0,0,0.358192696535018,4.10910531591839,0.354670090293466,0.619186203110614,11.2588617849307,0.0124063805744248,0.322245597678139,-1.38920925393093,0.500686268995402
15,2016,2,0,9999,0,0,0.360007406803387,3.12282148244754,0.181909034555631,0.705244963901934,6.57245352707691,0.00320257041360118,0.568361228017331,0.263924365199186,0.456941136119173
15,2017,2,0,9999,0,0,0.342503726899479,1.95749124631374,0.460086762592232,0.759890882712577,8.54582526781573,0.0185137883673903,0.409523098541643,2.23543940239576,0.492740330631485
15,2018,2,0,9999,0,0,0.336499088879185,2.85297359937496,0.134287834612344,0.695887250623553,0,0.00774454483291527,0.317667341871874,5.24257377460373,0.287448059263442
15,2019,2,0,9999,0,0,0.39377069018017,3.31540561225859,0.28450003571644,0.781406649027668,1.84907688809033,0.00225816343984876,0.66887859407421,6.66931645460661,0.268878137397337
15,2020,2,0,9999,0,0,0.349650502725588,1.83435799437058,0.357909518470681,0.404362249229375,0,0.00298444759651273,0.851338872543566,-2.08322530210358,0.448916900870649
16,2007,2,0,9999,0,0,0.390117266448041,4.1876262418399,0.21123745672689,0.608645181174062,12.2180057897249,0.00844910870636127,0.791646956671168,0.730020356456038,0.588680667345786
16,2008,2,0,9999,0,0,0.417074232144743,2.48501483439709,0.498354767846901,0.817158961519092,6.6434327371847,0.0282811698556259,0.313199187332295,4.89842490321897,0.429496470213632
16,2009,2,0,9999,0,0,0.379252792772921,4.36934982902093,0.413602317359446,0.621778232566307,9.96704889541672,0.0404233227334679,0.464567004687243,3.64497281994175,0.475981780174607
16,2010,2,0,9999,0,0,0.438726227572309,4.14187424459014,0.172822662503521,0.95181185276936,8.84657679035292,0.0161845788523345,0.303446691353947,5.47603006678953,0.321068005061975
16,2011,2,0,9999,0,0,0.397474513027544,1.19739005663852,0.16866977577794,0.681070584971541,16.8185676352591,0.00213092387058084,0.540751602709314,1.20266933096632,0.575033550568894
16,2012,2,0,9999,0,0,0.449655676161268,3.38501643779517,0.127869938881081,0.542790817294792,29.034847875659,0.024105980523199,0.860118336176312,1.31878264511084,0.72720360214503
16,2013,2,0,9999,0,0,0.448063864248287,2.04197826598297,0.357174331350569,0.903092239331314,9.26461511893273,0.0511763254120652,0.399472166038647,4.1057761923711,0.381811717836109
16,2014,2,0,9999,0,0,0.426887779477458,3.8162127879327,0.184270154559541,0.611776109974937,9.40758549861321,0.00215929911510223,0.732987096752004,1.13817247035314,0.372471826889218
16,2015,2,0,9999,0,0,0.429629072733701,2.97052662979093,0.344342204243021,0.688635146724083,11.6423681807119,0.00925384604014888,0.587305078983651,0.915992845870447,0.337082173619589
16,2016,2,0,9999,0,0,0.435928195101461,2.63039549860687,0.468762615155447,0.747651988819068,8.58522095322762,0.00201704968116785,0.602186115767935,1.80425809464897,0.470395173634125
16,2017,2,0,9999,0,0,0.468027843527888,4.38146713814825,0.495633259345765,0.880725061249693,5.14239766307569,0.0219962992636099,0.7965107878167,1.51132070803214,0.358047943015209
16,2018,2,0,9999,0,0,0.476899635692846,1.02901423920067,0.152357651471601,0.47985198522139,4.44069210236721,0.00265254316732599,0.472853935777937,-1.04395696851441,0.410276157082357
16,2019,2,0,9999,0,0,0.47690127349112,3.02927050347192,0.249506841825019,0.891756334489019,9.17786961410911,0.0551217091313075,0.481519082565275,2.18750117599425,0.504575261308082
16,2020,2,0,9999,0,0,0.471857221282941,2.11164439718671,0.287819072834054,0.705713646347854,0.441887276284955,0.0119577429798937,0.737530673487991,-0.0805483315007885,0.58026089917386
17,2007,2,0,9999,0,0,0.291155653254254,0.941093345253851,0.27253786445056,0.577195546001893,13.7628442425911,0.0251650886412257,0.367059079341405,2.29775378429232,0.617792512239551
17,2008,2,0,9999,0,0,0.290767767087629,3.81407407481167,0.288473030854386,0.55785198496857,15.235547087128,0.00848262123817684,0.346393662029346,3.42087413685803,0.494423983484143
17,2009,2,0,9999,0,0,0.318433002801046,3.04696262427551,0.30699436660905,0.958704094251399,13.7747548037303,0.00877078383878962,0.53429603765044,2.56736760991067,0.511427854243803
17,2010,2,0,9999,0,0,0.31981525791176,4.37658134782486,0.4404476329636,0.93718950331048,10.7922521088872,0.00200798922434298,0.524213651339863,-1.45689875680802,0.428674287767709
17,2011,2,0,9999,0,0,0.385728157180767,3.19304491028732,0.23748210516055,0.68827407400756,0,0.0470648936057407,0.467463426378842,3.10956267040579,0.482830083647952
17,2012,2,0,9999,0,0,0.334650984184912,2.14813711772107,0.254540947567061,0.564748617438766,0,0.00636506044313527,0.437367924380995,4.98971502645613,0.472599312019323
17,2013,2,0,9999,0,0,0.40077309234902,4.74087862151819,0.275610130765623,0.953804667842686,0.782578925404044,0.0057009394362274,0.825853809007361,0.416403844921231,0.380124730562341
17,2014,2,0,9999,0,0,0.341285100771476,1.26285620243722,0.168048309335114,0.360131398938865,10.0424238077712,0.00977331712896273,0.534024709813438,2.09601731748156,0.556415078967337
17,2015,2,0,9999,0,0,0.349925519825041,1.01040697031515,0.383668044915022,0.380333657139502,0,0.00403397061648262,0.47154465128807,5.44843791188026,0.497817128548578
17,2016,2,0,9999,0,0,0.346183933379978,3.73048763780832,0.280110710355361,0.651696280205225,0,0.00785285133453977,0.767901818141572,5.21665226511574,0.600172021784721
17,2017,2,0,9999,0,0,0.389447487256034,2.28349959715794,0.51226865906939,0.713934487641929,34.9428721894322,0.00674151117887104,0.804482726199409,2.2811144265985,0.512509353825405
17,2018,2,0,9999,0,0,0.362184260660833,2.24586031451415,0.469637143875012,0.354059650651213,0,0.0590324264410616,0.714603044476443,1.04174525084423,0.602348468331386
17,2019,2,0,9999,0,0,0.354369795811995,4.30612862595829,0.203580956750365,0.466246827707388,8.26893957412164,0.0480715314218986,0.877835899386743,1.71324972030036,0.614579421738494
17,2020,2,0,9999,0,0,0.365633730115181,2.10917458606155,0.209041287486044,0.403446866051972,15.1656330689174,0.00678499987674798,0.356174715872754,-0.256209819715149,0.46618984417407
18,2007,2,1,2013,0,0,0.348674458384681,4.35595438753644,0.452021766173807,0.504877445542659,6.99887482728253,0.0442540999746863,0.55759860100866,0.59511726668474,0.638297853254683
18,2008,2,1,2013,0,0,0.339017383414505,3.37595191692649,0.351949129912396,0.463383636124446,2.15077115621295,0.00208723619383063,0.782873171801039,2.48044711938509,0.495439586467522
18,2009,2,1,2013,0,0,0.335379012814659,2.11619817554705,0.104594817563916,0.427055895446201,8.30481322332718,0.0213986195324304,0.883994959468508,2.37745167796683,0.440798157486464
18,2010,2,1,2013,0,0,0.367163386764175,1.03813061764987,0.383447373693964,0.430264595611513,0,0.0467390148703248,0.402836086495381,-0.0658057844693525,0.566204790149101
18,2011,2,1,2013,0,0,0.369082792320779,1.78043741056223,0.277710810556768,0.580263129571675,14.7650225075041,0.00482260348003595,0.741102927226176,2.21909609478206,0.639038398984816
18,2012,2,1,2013,0,0,0.324804174524658,4.6736528048674,0.453346194390234,0.429817201247146,37.1547981292368,0.00355425831849195,0.411054106133153,5.96872207433341,0.55749684941113
18,2013,2,1,2013,1,1,0.349077871376039,2.42107056093582,0.436081165517541,0.829521562848575,0,0.0398377541632393,0.526513428292968,7.5499414290178,0.723603634682217
18,2014,2,1,2013,1,1,0.380922462608346,1.44013384578131,0.515047603843855,0.599725332059933,9.90984136276606,0.027608060222325,0.745662586356925,8.38610107338902,0.61451503378861
18,2015,2,1,2013,1,1,0.40849762239915,1.99205299680341,0.414678687068965,0.422431576870943,17.3155789976195,0.0589376577623786,0.75749464172846,2.9499068603696,0.397545430708006
18,2016,2,1,2013,1,1,0.398693574351547,4.3983031154453,0.510840364079397,0.753836897938214,16.6684967506845,0.00351276188461583,0.315559106572439,5.86154324790714,0.56451746340211
18,2017,2,1,2013,1,1,0.434819116911701,1.45990686203401,0.228094668397491,0.838674109735331,0,0.00332196080595586,0.438380023812238,3.14061411199104,0.579746481842335
18,2018,2,1,2013,1,1,0.363134747883861,3.91144026626913,0.252422060465471,0.572985378524309,0,0.00218405384981431,0.877105688690117,-0.410757821655328,0.576277181046562
18,2019,2,1,2013,1,1,0.381437757869891,1.33945852558759,0.126640380391244,0.353803457700349,6.63614421508351,0.00830970241392775,0.632638570469717,-1.22147792942995,0.766140235327925
18,2020,2,1,2013,1,1,0.409470702729561,4.64557485375169,0.490121249232279,0.753104164104944,0,0.00213667362958221,0.638568510090041,3.73386315636386,0.801546316966043
19,2007,2,0,9999,0,0,0.340254276258526,2.92082154436625,0.169397914552379,0.817473750417508,24.7977057697512,0.024616726127727,0.438415350701088,3.06574528317416,0.65742750711102
19,2008,2,0,9999,0,0,0.380514396193277,0.972679742390086,0.348093780470788,0.901360543362688,8.93179715795566,0.00244238801092254,0.55946526713096,3.06924397122438,0.695924933919104
19,2009,2,0,9999,0,0,0.418716671782468,4.5238187109608,0.329137924794973,0.792153888314011,0,0.0143800046880586,0.448122787017241,2.54511592670366,0.63517160946503
19,2010,2,0,9999,0,0,0.375825962029991,2.23290217783649,0.466270785525412,0.720043798846242,19.0262317910294,0.0179177560041874,0.365278215545979,3.09808472458085,0.429487697858588
19,2011,2,0,9999,0,0,0.406076082883095,3.72568511560043,0.27459525988483,0.562712263001556,0,0.00244739714565622,0.456613351354033,3.60681232326826,0.323359844032995
19,2012,2,0,9999,0,0,0.39733638239542,2.89483205919899,0.164199102456838,0.501177038856638,8.43205989632958,0.0307231105268932,0.625661995604254,3.58681050679109,0.471001916373439
19,2013,2,0,9999,0,0,0.391249132469625,1.17032721257983,0.272386470699139,0.390222248102498,8.10035058827973,0.0608715110084242,0.60460404066879,-1.41476441714026,0.590938970980846
19,2014,2,0,9999,0,0,0.403551360012479,1.22423687208223,0.121622497577494,0.857968250190521,0,0.0110923447924751,0.605185747379053,2.10297116965996,0.606340645500283
19,2015,2,0,9999,0,0,0.43301061765357,1.39689980276435,0.235661415933707,0.697388406341757,27.9831871954323,0.0180254227896871,0.493275581414662,0.891084078913423,0.574132186561676
19,2016,2,0,9999,0,0,0.43824734377509,1.44480003686739,0.38350122049821,0.528495660966926,11.8881068542742,0.0104490677451591,0.550346376126465,2.28084129041792,0.426459538427488
19,2017,2,0,9999,0,0,0.436511751492633,1.01102317249801,0.125714414830904,0.427282886442624,0,0.059600483726595,0.821698853097539,1.45066896695223,0.383115815829155
19,2018,2,0,9999,0,0,0.413082716850659,0.988052660131601,0.545363301903767,0.528784128423511,5.90476966524051,0.0453996226287622,0.850387243383295,-1.79502542410324,0.333838288693211
19,2019,2,0,9999,0,0,0.486684308224968,4.59371318423487,0.341285090020045,0.819825768267624,5.09984471613254,0.0583028844108351,0.836413693487062,4.34109438882845,0.470529767473447
19,2020,2,0,9999,0,0,0.430543036912581,1.16516715995846,0.235032333938617,0.483790186625978,31.9026498866166,0.010958805541439,0.425740360146475,2.36948058280312,0.442775571292732
20,2007,2,0,9999,0,0,0.28,2.83340670355356,0.475204259552867,0.382303665445902,10.1215019437257,0.00800394028354146,0.673545986360774,5.83372863099291,0.682626732745389
20,2008,2,0,9999,0,0,0.28,1.2745192814943,0.161859331571391,0.585629602034031,27.158296125496,0.0020156286460083,0.756002294653508,1.59408200343203,0.450719285734282
20,2009,2,0,9999,0,0,0.28,1.65915140483484,0.244883787383225,0.558202121962745,27.4932931882039,0.00235447584653873,0.483121229081632,-1.3376632927887,0.460868487805913
20,2010,2,0,9999,0,0,0.28,3.85228829112434,0.521717503587336,0.782164561546358,15.4655309121097,0.0568733144133858,0.575797580384077,6.3549079959913,0.394813174330982
20,2011,2,0,9999,0,0,0.280535080304742,4.5525392841134,0.207969887060732,0.694720496642713,3.03814663689562,0.0224878988473111,0.810885395905124,2.85710603047326,0.331700067839149
20,2012,2,0,9999,0,0,0.28,2.67885077889287,0.429801367237904,0.64308058917366,16.3492950242224,0.013939503016376,0.716007224541986,4.2503905150753,0.394235928789723
20,2013,2,0,9999,0,0,0.28,0.822567815675992,0.136418672128611,0.955166157644024,4.6847694144308,0.00349474447127357,0.730251989688574,-0.310098444860884,0.579568603509619
20,2014,2,0,9999,0,0,0.304798920203949,4.7968332055893,0.339613586169964,0.87335550098024,20.5530811231296,0.0547937302430703,0.329470086554842,4.00457967792622,0.55122086307783
20,2015,2,0,9999,0,0,0.305773477592828,0.991092850743743,0.396149997788413,0.429454288851086,9.57425899978362,0.00209292159753689,0.312735747138914,-2.94646206441138,0.535073331851185
20,2016,2,0,9999,0,0,0.304441695207878,2.35779161612215,0.194375370408851,0.504004688594365,8.10520755964849,0.0272394928889811,0.707456694992885,6.80807085414248,0.379738816344504
20,2017,2,0,9999,0,0,0.30714857188119,2.95622680272654,0.247433554697159,0.610005656703996,1.60159656654156,0.0235246301541001,0.635087866315013,2.53571776982042,0.495522606809907
20,2018,2,0,9999,0,0,0.310746285963068,4.36693375021688,0.347729084528924,0.39434450854278,12.1245576036654,0.0340810005731164,0.386024451903051,7.65551514289794,0.585624466500241
20,2019,2,0,9999,0,0,0.353702994961892,4.09244844664217,0.365493231330973,0.820048017137425,12.423713857299,0.0351862660216486,0.282724914349519,3.71396661420634,0.491570992815778
20,2020,2,0,9999,0,0,0.312425163689882,3.2375465641785,0.169397900256398,0.826267772714247,16.2080269484722,0.0292968657280219,0.425925627851164,3.462202890395,0.285196380955952
21,2007,3,0,9999,0,0,0.331603438053576,2.19440916390346,0.284848593603384,0.53130329760589,0,0.0203792206801788,0.636203882514254,0.189858799860194,0.530239950012012
21,2008,3,0,9999,0,0,0.317669090801973,3.93791487664907,0.549879856375288,0.911320359561608,5.24953771450753,0.0132833863571619,0.474687550292879,3.34802413241022,0.582982561353674
21,2009,3,0,9999,0,0,0.362505310922882,4.07623354522268,0.245095724409048,0.692540124873106,11.2675099609207,0.0405782086768095,0.653267888204513,4.14988608563332,0.536930736598666
21,2010,3,0,9999,0,0,0.357801676933678,4.08761962938394,0.453410227228435,0.488640455801178,22.6869945208169,0.00305778212982235,0.344950560202714,2.97922778190058,0.293820706242721
21,2011,3,0,9999,0,0,0.375230960875183,3.47054574165339,0.190726265501681,0.735326293894839,0,0.00678799522809666,0.652048365275068,3.91776273905402,0.574582994236
21,2012,3,0,9999,0,0,0.379682731239615,0.991149375911669,0.307537283554114,0.7669930333835,14.6267426771098,0.038672162158117,0.319247466449032,2.40853100040877,0.616027701441894
21,2013,3,0,9999,0,0,0.357735532155065,1.7943177125376,0.3331762993386,0.794880174076977,22.9793833718315,0.049427862111943,0.805353167766215,2.2139965230046,0.324014381907526
21,2014,3,0,9999,0,0,0.392214649542815,2.54368822394989,0.368208230466713,0.952233041511634,0,0.0283057238004813,0.408837856893605,1.80665534580871,0.48016839611382
21,2015,3,0,9999,0,0,0.400279552564668,2.62021346880536,0.422943838673556,0.916459069771976,14.0083837643005,0.00214918681034426,0.252821568484287,4.29557445171028,0.379956976570345
21,2016,3,0,9999,0,0,0.376733241561542,3.93149365095006,0.45815966974362,0.606231356454653,3.72903841870778,0.0433813126173859,0.746605660694737,3.87067175088431,0.319635013098428
21,2017,3,0,9999,0,0,0.403667912237325,1.55134709481169,0.415074571900456,0.617731903258903,0,0.0582741648731937,0.44891804348852,3.74936267241837,0.51835960414609
21,2018,3,0,9999,0,0,0.390658886509668,3.25836302219543,0.46324023422946,0.364540630889228,0,0.0147164591909922,0.503679749789815,0.105012309394635,0.567606065641365
21,2019,3,0,9999,0,0,0.448866574548628,2.09679958984638,0.498682764760328,0.608849378138275,1.93148245780389,0.0111431847108491,0.339497665762445,0.31619632940165,0.4677741297922
21,2020,3,0,9999,0,0,0.47229511833415,3.70193021290543,0.246753678281801,0.459832167639907,0,0.00944730149232689,0.376061667299496,2.92796684743428,0.245519582151247
22,2007,3,0,9999,0,0,0.41075024775385,1.38309731728982,0.472289187203905,0.424504333664308,11.4345794096479,0.024075004282047,0.497342097277946,2.07760194248424,0.322933584655931
22,2008,3,0,9999,0,0,0.408804610754236,2.50650917357211,0.333990183521501,0.855824378876409,7.19076092409975,0.00372834336433768,0.430602150380183,5.9522094973084,0.419348024430842
22,2009,3,0,9999,0,0,0.451148543716472,1.01423432145363,0.216742539800067,0.363524159015757,1.48843690164913,0.00308734406003908,0.563329192377373,4.16783663318663,0.451983560310871
22,2010,3,0,9999,0,0,0.425521006015444,1.44796069653191,0.17788316698057,0.430015742327514,17.1095636434217,0.0609059644524799,0.415631143326114,6.76638851968627,0.231172321940614
22,2011,3,0,9999,0,0,0.392644360697563,4.34069874537708,0.444002052961828,0.761906056927865,24.2905953879927,0.017062292382377,0.521013128578659,3.04585608398786,0.425437262653467
22,2012,3,0,9999,0,0,0.454150276143797,1.86418844203131,0.386484772833511,0.701654713950557,6.06235213708884,0.0178992639540384,0.26804970262888,3.95163818287718,0.534077389846625
22,2013,3,0,9999,0,0,0.45432011137624,4.17190801635999,0.131829116008553,0.615997960697969,1.13161732086569,0.00745031695686491,0.562072375112851,5.95754089399529,0.447409865992945
22,2014,3,0,9999,0,0,0.481929721630649,2.69721234994249,0.364354176439859,0.850700863519267,12.3011942528535,0.00211973452118535,0.622585557303862,-0.286405088119834,0.527447033930551
22,2015,3,0,9999,0,0,0.466388818610538,0.756132605900901,0.120045978799734,0.497638290326652,3.4735795267383,0.00224979871143387,0.807015989584907,0.88505471255544,0.292245389766107
22,2016,3,0,9999,0,0,0.457094663951182,3.77192672933543,0.276065222739944,0.478104085987084,18.2373785282982,0.00220851802412073,0.693672836585704,-1.79184330334516,0.593686435986794
22,2017,3,0,9999,0,0,0.481530808449918,0.807827580529958,0.35702255707243,0.668483348639164,4.92998433173016,0.0316598717396748,0.298802387223764,2.43232614945707,0.436265424819226
22,2018,3,0,9999,0,0,0.522493833391076,3.90777411345596,0.39258759459488,0.416125023058846,0.970508427709384,0.0384777010625602,0.476130515546828,4.53866303598863,0.337094489512338
22,2019,3,0,9999,0,0,0.464754432508315,0.635196442801118,0.171033740113841,0.777228538457724,0,0.056290532534323,0.720726762901017,0.15821449457093,0.489695424725701
22,2020,3,0,9999,0,0,0.501102113837476,3.2964453093867,0.120176487646566,0.929707499385051,0,0.0596995382958697,0.695291438548734,1.63262539506266,0.490123383034294
23,2007,3,0,9999,0,0,0.302258540983891,1.26285569898447,0.359210693912459,0.853082931538606,0,0.0033715459998957,0.283171412155577,-2.9516529147026,0.532313200676627
23,2008,3,0,9999,0,0,0.316403558405957,1.97150095250432,0.468452915223908,0.896349336439278,24.0489431160574,0.0020136886485966,0.267493718036297,0.990157433302152,0.534843806216593
23,2009,3,0,9999,0,0,0.341630636064495,4.41100557918139,0.458475233966009,0.395229571668169,15.2225041839756,0.0301033189108878,0.557419605847911,0.927014895770458,0.369141713505817
23,2010,3,0,9999,0,0,0.337520255745255,2.54493389252341,0.26184695119083,0.612901290383306,9.11452532267786,0.00711889132767128,0.527467157913328,-0.184919627432358,0.476605619487331
23,2011,3,0,9999,0,0,0.348800049322683,3.22970554064743,0.359628002706499,0.909822881598708,19.9266497891716,0.0530674492144963,0.335100767495047,2.64797562922688,0.316121438634524
23,2012,3,0,9999,0,0,0.359945175922885,3.56294038504594,0.423414045860078,0.871645514709459,8.96486802589142,0.0162683181967752,0.414192350348391,3.84347621860023,0.467636514644593
23,2013,3,0,9999,0,0,0.321932608235329,1.03971190614885,0.492934775820338,0.718151046909919,15.26104437383,0.0135226515064823,0.466720576382146,-1.54059246623428,0.510314639154616
23,2014,3,0,9999,0,0,0.396431549725148,3.95518303244391,0.32123227889245,0.755739316069119,0,0.0126130791875888,0.738062483855085,2.8500037472131,0.408123964473724
23,2015,3,0,9999,0,0,0.385861189878988,4.25567975489021,0.49397505161811,0.514927146144913,4.62961383743515,0.00765405170015954,0.410797015876815,-1.45326672042366,0.483009463042279
23,2016,3,0,9999,0,0,0.385252222396371,1.22168260939764,0.242977995953018,0.514444080787161,14.4179398287314,0.0210842930092438,0.749516959527729,4.56373398014775,0.452155994721358
23,2017,3,0,9999,0,0,0.386205622616538,2.78495371557909,0.198663463560492,0.391361229753038,15.0066510661203,0.00404947098984153,0.770912476870753,-1.4722278178677,0.282179499548499
23,2018,3,0,9999,0,0,0.416075142985278,1.73402049274904,0.232355476634996,0.909196865264595,0,0.0592909305920972,0.403043381409127,2.40096029592117,0.492684170616998
23,2019,3,0,9999,0,0,0.357562247572478,3.56258692343916,0.428395340202993,0.529172969490953,7.23609809894567,0.0410320441946582,0.778740602614355,5.40098196929818,0.530254533212181
23,2020,3,0,9999,0,0,0.390125406610127,0.713081571429997,0.498313185990402,0.965350976236743,5.60658112384985,0.0456930091530751,0.300070296869476,0.371708466171452,0.329332227915624
24,2007,3,0,9999,0,0,0.333783799178822,2.65018801376555,0.312031985051531,0.35423312238278,0,0.0556831448870872,0.487133573567426,0.866636653346775,0.416080980159094
24,2008,3,0,9999,0,0,0.331461410299976,3.77125942142656,0.413162980018606,0.845456490317442,9.73955000151014,0.0299671056884454,0.31168015057173,4.23674275179258,0.452317218058583
24,2009,3,0,9999,0,0,0.395470915096949,3.53894763117011,0.162466189477941,0.675996725537066,21.9094887860717,0.0508000255169817,0.450365072734345,2.22094735564035,0.554395948253155
24,2010,3,0,9999,0,0,0.355968725014187,1.03273532573456,0.328343178341431,0.376053190313685,25.579671293162,0.0347212085431349,0.425559054017171,0.971916842698201,0.599663253855382
24,2011,3,0,9999,0,0,0.349995165249713,3.9317604349351,0.295678514472831,0.76117775501369,9.31996946395406,0.0154916631540431,0.721999278148185,3.40609096442432,0.505066936557212
24,2012,3,0,9999,0,0,0.369037132958452,1.55136292046829,0.294221916987267,0.785523836324608,0,0.0020263717416012,0.766005914268522,5.5677738673939,0.277995012229897
24,2013,3,0,9999,0,0,0.37794139885268,3.83115052486732,0.184620098117191,0.783762049749375,1.3144192139542,0.0179336304362678,0.45703521836638,2.92521368301365,0.338192825733062
24,2014,3,0,9999,0,0,0.342475446228197,2.58851532744978,0.380251469973947,0.781477121527397,12.1127170446166,0.0194628875283268,0.460294139684101,0.576363821110549,0.304915768036955
24,2015,3,0,9999,0,0,0.380946970644115,1.24330306054918,0.402432539281062,0.770462771260959,14.918505873137,0.0345354076290037,0.84810438788071,2.56982904788959,0.572810798740606
24,2016,3,0,9999,0,0,0.407296574728977,3.53616271026803,0.386345716735038,0.825899274965408,0,0.0472952829949423,0.350695661668942,4.93963692623483,0.317758778305138
24,2017,3,0,9999,0,0,0.392625097751388,3.83165180855679,0.434240343598715,0.585665351027171,26.1421760564925,0.0257152116642206,0.543335773676825,1.25265074291783,0.420696761659216
24,2018,3,0,9999,0,0,0.406871900901335,3.3956045999438,0.306200487882561,0.943781345523017,19.8589003074431,0.00245591342720127,0.616998251889437,3.41110010525907,0.304853956321639
24,2019,3,0,9999,0,0,0.448962112437749,4.45938535610785,0.483669770724402,0.649332444219817,0,0.00250356590084424,0.657889457799006,2.41733426997075,0.417673311086856
24,2020,3,0,9999,0,0,0.40800184176385,1.6245778048238,0.35704548980324,0.51604834123468,25.6315048922725,0.0475206921225855,0.345191291254956,3.18573773020947,0.517302871404433
25,2007,3,0,9999,0,0,0.389804348358464,1.54304930799193,0.496814501852868,0.965565905906833,11.7600350475927,0.0485636397473272,0.446606014928601,0.443044429619616,0.528957693360711
25,2008,3,0,9999,0,0,0.410193395381195,1.1889203672464,0.28456963893428,0.523302925802909,21.4071870694373,0.01162780618876,0.341938292023295,-0.308451839532387,0.294695109030988
25,2009,3,0,9999,0,0,0.430419571364755,2.75762483980263,0.415062378664579,0.623263381356145,14.3576175714628,0.00227970531503857,0.719302569145897,1.75586779022533,0.33951743834303
25,2010,3,0,9999,0,0,0.449038385484435,2.19779528954286,0.188562263833699,0.782597584568178,17.4106761111989,0.00269166954535096,0.70108736833939,4.13877034602179,0.404033473645385
25,2011,3,0,9999,0,0,0.411789514405094,2.02664819485829,0.137380149226097,0.844846359534941,29.4184616230035,0.00278446130440987,0.759540898399173,0.639001375193701,0.342178215438854
25,2012,3,0,9999,0,0,0.441714452148199,2.44121840372744,0.519176076195504,0.546322613459123,17.2247993825817,0.0520912096465092,0.516220455035034,-0.543603017057038,0.405328645766429
25,2013,3,0,9999,0,0,0.462568438473908,1.69816891171629,0.266876985200421,0.371865853528432,5.8414724720349,0.0119080341643459,0.261720100527733,3.85591970956733,0.571238067511251
25,2014,3,0,9999,0,0,0.439155477249217,0.617041510660239,0.120564332921291,0.708392084218948,3.98072154282834,0.0149032491145157,0.807732972788251,-0.768794459133447,0.359513302605289
25,2015,3,0,9999,0,0,0.462801952466587,2.48700275540565,0.378304080615041,0.717031718090528,21.3844701696336,0.042248573278214,0.315453831521891,1.22976884869739,0.4140602561449
25,2016,3,0,9999,0,0,0.482643370168854,1.70353806603259,0.519967551415208,0.802330165418942,0,0.00555464365555757,0.388975254645718,2.17599381206908,0.43963600843482
25,2017,3,0,9999,0,0,0.455322339056191,2.39913443571955,0.446054049451397,0.511810351962889,6.55886462290883,0.0190223022297836,0.269080067644799,1.03545574972367,0.532614242712542
25,2018,3,0,9999,0,0,0.47519195386773,4.31550045604637,0.544261200863659,0.858848915125382,3.6070493815345,0.0220636482538134,0.495165504363486,2.50245979486083,0.549884820943444
25,2019,3,0,9999,0,0,0.477797163173619,1.31602162733889,0.520802617367432,0.829838865473229,4.98676571153193,0.0123364449096067,0.680470914654945,2.50021838062713,0.347992950647344
25,2020,3,0,9999,0,0,0.505449557325365,3.14993431202724,0.304990065542826,0.884223859880839,10.5397244427148,0.00287168946312327,0.825909274519382,-1.98729894756075,0.420761211733253
26,2007,3,0,9999,0,0,0.300180757894673,3.17765958504976,0.205259386268771,0.818726700598471,0.371798182751847,0.0127769279006678,0.589887195406881,-0.539193202795736,0.443342845353134
26,2008,3,0,9999,0,0,0.313435801355898,1.72517273422653,0.129357317662822,0.76733230650456,6.62436270690132,0.00275321363677883,0.304152289660262,4.40921685896128,0.424377080612282
26,2009,3,0,9999,0,0,0.302380632894636,2.48355198691627,0.222455674989711,0.693553877590867,12.4046942395216,0.00804500712044752,0.79818775460007,1.65298801765042,0.565361407414691
26,2010,3,0,9999,0,0,0.324216045840632,4.4784465665253,0.384468464080762,0.881619755400031,5.22240876107225,0.011616581594126,0.311067306410308,-0.990735959209365,0.183991666430766
26,2011,3,0,9999,0,0,0.319331447069116,1.96984050160456,0.509901096683892,0.490096438419215,22.0903107932287,0.00417380312822127,0.376441450306385,-1.20402657569508,0.463023469054294
26,2012,3,0,9999,0,0,0.309181904963144,3.44938072980873,0.100768545119015,0.762306032166511,8.39989785627057,0.0616848754690597,0.386473921372738,1.66351684697107,0.450407801188139
26,2013,3,0,9999,0,0,0.307545662555923,3.96087662272524,0.467868011302999,0.841107240395474,3.21579662402609,0.0305558273672563,0.799354898825808,5.92747102911544,0.564534125548872
26,2014,3,0,9999,0,0,0.298233740052082,2.04276443086786,0.444009157016639,0.830335032827776,14.2686803050295,0.0540530810895157,0.503990957738706,1.01396759307326,0.243904288306641
26,2015,3,0,9999,0,0,0.365946119531968,4.55965653621292,0.410942145364585,0.430362525175863,10.0816268509702,0.0541206087049608,0.772928553227877,6.6053947384884,0.435697034344202
26,2016,3,0,9999,0,0,0.288709341119702,3.10347696191053,0.157544723452699,0.544593534938489,5.75163022033122,0.00693970839073155,0.595154877831233,-1.38956382926214,0.374784528170842
26,2017,3,0,9999,0,0,0.339883226938232,2.60394108237569,0.123965007697501,0.928307877688918,0,0.00326148005687734,0.546278733580876,2.53707337806572,0.584722506891774
26,2018,3,0,9999,0,0,0.335755058644841,3.459630070025,0.431539398350338,0.830234273662493,23.9565348321583,0.0610116817819926,0.737942566340163,3.18108971203481,0.443448160334295
26,2019,3,0,9999,0,0,0.356774955214277,2.29531973546624,0.388634158690719,0.445904725520108,0,0.0176175248830262,0.380781726411578,2.47125529086955,0.539197477842593
26,2020,3,0,9999,0,0,0.379092877271819,3.44930689137437,0.266454133276816,0.649633168448795,5.35213699890652,0.0294966448920948,0.418409471602458,0.934036534654793,0.36108982246391
27,2007,3,1,2016,0,0,0.298648152887394,1.69920953333841,0.255478630043413,0.85270723963046,11.2421907009943,0.0470458404853354,0.815078050350783,1.30774618529946,0.605270947693085
27,2008,3,1,2016,0,0,0.339297719871718,4.30883325738275,0.114689514033461,0.8829043724177,27.7993327864039,0.00893188233485891,0.624376189297325,2.78375830767304,0.438290494637838
27,2009,3,1,2016,0,0,0.388465972649092,2.76785135173504,0.54704542070886,0.672391423382665,0,0.0230450665646016,0.486071380719263,6.47563175796949,0.48109054223818
27,2010,3,1,2016,0,0,0.350873863312472,1.56659797434902,0.476488968437531,0.412896883154198,0,0.00736555768334398,0.640105671158546,1.29342392800516,0.377056089133802
27,2011,3,1,2016,0,0,0.35528277042667,2.34878667372601,0.538385843322048,0.485997432140506,12.046583900516,0.00478248416233977,0.714548900152381,0.827900565994366,0.306290803173981
27,2012,3,1,2016,0,0,0.379099064502309,4.18038616248358,0.468116863439232,0.365155324985031,29.0866213784215,0.00207111138962297,0.691471895129617,1.64762562686366,0.349029236925632
27,2013,3,1,2016,0,0,0.378255072545752,3.82822127628845,0.306483810735178,0.452754273495676,6.27856034600672,0.00533327093864735,0.563575041238453,6.26897258390474,0.455025206486214
27,2014,3,1,2016,0,0,0.365263910731492,2.53787580815465,0.480324158402854,0.387897406360893,23.8364426856299,0.00573011935146451,0.636891278981067,-3.54916778645119,0.334398181090961
27,2015,3,1,2016,0,0,0.406615801475466,2.00680670696132,0.189260873117813,0.784003538470779,11.710268536252,0.0354994068797752,0.396771577692778,4.66849491879506,0.619564206338689
27,2016,3,1,2016,1,1,0.389289872502184,2.10498965640916,0.402613596194211,0.784598986255095,17.1141942583914,0.0179911031970877,0.548865409158884,0.129698611991251,0.640704176818722
27,2017,3,1,2016,1,1,0.399386887213268,4.52478143038297,0.206748705321608,0.624855631900436,0.312810645051302,0.037864308321621,0.797330375004862,7.27649196165249,0.488608401162853
27,2018,3,1,2016,1,1,0.451721450263174,1.0488511405268,0.276614859860372,0.896198671593586,22.0240453406584,0.00691568175996567,0.816841577236837,3.48198853036573,0.552821675113581
27,2019,3,1,2016,1,1,0.398668350870307,4.15609558227684,0.492256044484405,0.440698384593532,10.3951083183516,0.00472078941242669,0.263519062463776,5.53479877275707,0.451337130157587
27,2020,3,1,2016,1,1,0.401637140777956,4.0304354937068,0.291227989717942,0.470283363894087,0.846918128027212,0.0220432350564183,0.407728444901645,1.88535391888011,0.561236008466016
28,2007,3,0,9999,0,0,0.341041641914996,1.49755362374918,0.502172219800807,0.72907200816529,0,0.00641092476711091,0.412184019653541,3.97924195845221,0.414936939218843
28,2008,3,0,9999,0,0,0.399987857879681,1.99743493667192,0.369801719509538,0.677406414842077,10.4214384007752,0.0360929593936456,0.452965140254365,-1.35927583113916,0.432989257227949
28,2009,3,0,9999,0,0,0.356252054474114,2.87823954690173,0.232185763551808,0.425755419064396,3.04193943695419,0.0107530480446183,0.438261243283803,4.6747810839205,0.200380716988166
28,2010,3,0,9999,0,0,0.376546289569446,3.80957081496099,0.217160634162797,0.9122469788786,10.1488757267388,0.00672782124075028,0.424362121066364,1.45977325777649,0.355764311388714
28,2011,3,0,9999,0,0,0.409247565840665,4.40178162135255,0.101518326346008,0.735541573017538,0.699820183166677,0.0360582720242937,0.543426280833926,2.20296489424656,0.488653818335067
28,2012,3,0,9999,0,0,0.345747453060703,4.5672348143324,0.357444118869374,0.726930282848144,3.10294023530045,0.00413837282910965,0.399392044467884,4.83001961946333,0.544384345157654
28,2013,3,0,9999,0,0,0.382241839501319,1.7249268275289,0.477356305548997,0.581329246075181,18.2987389225659,0.0335249190431835,0.702733035132466,3.05291738544002,0.403077220762358
28,2014,3,0,9999,0,0,0.410518416269189,1.3694542973634,0.201123312551672,0.725848408812305,0,0.0111170041562969,0.267855063761298,1.8598072831927,0.569971431926282
28,2015,3,0,9999,0,0,0.392730049702497,2.55090061066995,0.315659391027525,0.394335139471237,2.05589396344396,0.00243456396047534,0.84697888694999,0.68576448670976,0.340844829913301
28,2016,3,0,9999,0,0,0.404294812143413,2.83025560373627,0.542753232156662,0.536748529420143,10.2396913822916,0.0256420995642643,0.366849632642443,5.26621558922834,0.456301841145537
28,2017,3,0,9999,0,0,0.43430414844036,3.2268187215731,0.277024308813372,0.742694085741519,5.50717781734392,0.0242700742986612,0.804522963584695,2.13871010195861,0.541171340090676
28,2018,3,0,9999,0,0,0.44326147849193,1.03036452925735,0.522301074585374,0.721202058668387,6.93974182906893,0.00259937764717127,0.671193282172199,-0.799834713279834,0.342045819470262
28,2019,3,0,9999,0,0,0.426999993663992,3.18542407742061,0.471965821679428,0.676134594362549,3.50408630802289,0.0146992677483627,0.798095684646894,1.34256060229575,0.556576598127155
28,2020,3,0,9999,0,0,0.415319687032934,4.28551632271335,0.32257566148357,0.38291913233505,16.6276517433831,0.0148487282849579,0.51964923974633,5.16499624390263,0.572932791460017
29,2007,3,0,9999,0,0,0.30812871482638,4.26080427131817,0.385913873480058,0.549409632519454,4.01312502461511,0.032748965152993,0.450810801441826,-1.95747614192086,0.445427432999902
29,2008,3,0,9999,0,0,0.343589950834645,4.3750959972003,0.129512398110056,0.96039993809204,0,0.00432020412854631,0.628493554592151,1.03496095587568,0.463496561997163
29,2009,3,0,9999,0,0,0.368347112416477,4.28935839012754,0.332394672711026,0.934778278696193,34.3001223061922,0.0207971390847045,0.371213637479986,3.86695877466976,0.458001793589067
29,2010,3,0,9999,0,0,0.386978760003821,4.44311130993057,0.441970110665769,0.858542690862863,0,0.0610838988663595,0.510999290263595,3.41354118517776,0.44692210940784
29,2011,3,0,9999,0,0,0.363918271289816,0.794770148465398,0.203664966277537,0.389532311646028,15.4553180764823,0.00201475333726752,0.58587783513377,1.1889739796284,0.304373672013939
29,2012,3,0,9999,0,0,0.354901947255745,4.26407276280906,0.123169015701779,0.395559474037653,11.6486071043426,0.0328134719139353,0.326552891878805,-1.45857028812566,0.383884644289412
29,2013,3,0,9999,0,0,0.395891927361673,1.68485123156841,0.113230536169747,0.481853760129749,4.23173486648749,0.00933570913695351,0.746859252218523,1.03516429428961,0.643120809639894
29,2014,3,0,9999,0,0,0.356860071739166,1.88266294186462,0.172142083516789,0.863209271958044,18.7221361028748,0.0161269385225075,0.53418524202392,1.16133302510328,0.428572762132453
29,2015,3,0,9999,0,0,0.376264589285694,2.43445696379185,0.206995149157688,0.476433048284897,13.4485015886602,0.00677569231018242,0.579830497990367,4.29982845745255,0.394892660955588
29,2016,3,0,9999,0,0,0.371604069004621,4.42112158003054,0.462430759330246,0.489688322597186,7.41429693561182,0.0147007447879713,0.670923363009088,0.797047836507107,0.539446267882237
29,2017,3,0,9999,0,0,0.434918912837076,3.02035561062292,0.306601542974252,0.511446867489589,0,0.0167371740615811,0.806951273666736,4.08667224738041,0.420988567190063
29,2018,3,0,9999,0,0,0.418110898279559,2.01077286660815,0.3410012698554,0.804593817000993,4.22963391310935,0.0527822762133249,0.335209626234834,3.0692191326726,0.339894406499825
29,2019,3,0,9999,0,0,0.396155878171956,2.09663059021107,0.240895476139068,0.677099719780271,14.0998051731534,0.0477562000201997,0.368888396593154,1.73628466578436,0.546897390779517
29,2020,3,0,9999,0,0,0.466076888086941,4.21971395529267,0.2344727476118,0.883527072835533,24.1297747160119,0.0539373114727898,0.326720123054629,5.3302466517754,0.416144077478645
30,2007,3,0,9999,0,0,0.339258053324602,3.88939027294388,0.349068471544017,0.397145902076082,0,0.058199251097656,0.847001690193625,0.808269650485612,0.540543615032624
30,2008,3,0,9999,0,0,0.30618267319762,1.1501508809439,0.435605055957245,0.381963549318223,3.41921838166246,0.0113422292252028,0.517390584794701,3.73686876863536,0.527873626983155
30,2009,3,0,9999,0,0,0.359270514450178,1.59472746462867,0.181310574798029,0.87468293859204,10.9719012441012,0.0385818740538287,0.69525390177152,0.583120060793405,0.352644600157292
30,2010,3,0,9999,0,0,0.344227298755453,2.08778080427696,0.295592252465529,0.41755923013172,13.8154507875969,0.0495286019217082,0.353173669011142,-1.18384840026168,0.292012176793435
30,2011,3,0,9999,0,0,0.365589487054326,1.46696796116069,0.389839128530739,0.79326212071823,22.5284342509511,0.00282164727262433,0.825359575924466,5.51483555028704,0.466351321603322
30,2012,3,0,9999,0,0,0.351103545192447,2.85392701085447,0.532042246247049,0.724832582803548,21.0869405981828,0.0336410373023023,0.327828684007822,2.08730224758104,0.334144648545865
30,2013,3,0,9999,0,0,0.347074450368431,1.49455503978392,0.221231659098477,0.478494521315244,14.0658509796557,0.0219775366654013,0.668688931207742,3.21373330537331,0.47994583780591
30,2014,3,0,9999,0,0,0.335047846711723,2.89969798578799,0.27678881920418,0.51133208097573,14.4246836319296,0.00436997049001035,0.266518848886901,-2.42264684726187,0.498894561690485
30,2015,3,0,9999,0,0,0.393652085537728,4.34409848562475,0.356186033192147,0.808642843605712,0,0.025929635571108,0.785852793544701,1.00294015276687,0.383758181375311
30,2016,3,0,9999,0,0,0.389674532611487,3.99470390213434,0.163853899788294,0.363449866140937,7.83514154530486,0.0304061303786037,0.49071700111762,2.24579849430145,0.498032346984514
30,2017,3,0,9999,0,0,0.383130512895546,0.997053852330272,0.375212337272028,0.942513357515506,13.6483582485728,0.0276413296785876,0.639345203297745,7.90840666102374,0.457025637787463
30,2018,3,0,9999,0,0,0.399897281880353,1.42761919348171,0.538505761068802,0.377857520711259,4.59193280971215,0.00200222362923844,0.621593179705849,0.522413396922828,0.404372197237191
30,2019,3,0,9999,0,0,0.4064771254401,2.250996969056,0.223039116290429,0.450231720438694,0,0.0533191619659599,0.375582496674241,2.25655517385197,0.485029538012287
30,2020,3,0,9999,0,0,0.443094239634884,3.18451030663699,0.31626170137169,0.746769991521909,5.74390707456424,0.00940660636027653,0.531788330503796,3.69669878171016,0.374621908174168
